category	mutation_type	Signature 1	Signature 2	Signature 3	Signature 4	Signature 5	Signature 6	Signature 7	Signature 8	Signature 9	Signature 10	Signature 11	Signature 12	Signature 13	Signature 14	Signature 15	Signature 16	Signature 17	Signature 18	Signature 19	Signature 20	Signature 21	Signature 22	Signature 23	Signature 24	Signature 25	Signature 26	Signature 27	Signature 28	Signature 29	Signature 30
C>A	A[C>A]A	0.011098326166	6.82708227e-4	0.022172306775	0.0365	0.014941547714	0.0017	4e-4	0.036718003777	0.012	7e-4	2e-4	0.0077	3.34757187e-4	1e-4	0.0013	0.0161	0.001832019172	0.050536418625	0.0107	0.001179961596	1e-4	0.001504070375	4.53360683e-4	0.028645992536	0.009896768001	0.00203977291	0.005205626909	0.001397438842	0.06998198728	0
C>A	A[C>A]C	0.009149340734	6.19107232e-4	0.017871675353	0.0309	0.008960917997	0.0028	5e-4	0.033245722245999997	0.0067	0.001	0.001	0.0047	6.48736139e-4	0.0042	0.004	0.0097	3.42235622e-4	0.010939824789	0.0074	0.002211505148	7e-4	0.002451011015	3.66800484e-4	0.020214638433	0.00699892877	0.001487162284	0.004738227415	9.17187665e-4	0.055152357207	0
C>A	A[C>A]G	0.001490070468	9.9278956e-5	0.002138339617	0.0183	0.002207846012	5e-4	0	0.002525311256	5e-4	3e-4	0	0.0017	3.8144594e-5	5e-4	0	0.0022	1.576225e-6	0.002288072697	5e-4	1.61691e-7	0	0	0	0.020478996485	0.001448442998	2.83945614e-4	7.82697937e-4	0	0.017846984044	0.0019673
C>A	A[C>A]T	0.006233885236	3.23891363e-4	0.01626514559	0.0243	0.009206905292	0.0019	4e-4	0.033598549516	0.0068	0.0092	2e-4	0.0046	8.4665846e-4	0.0296	0.0057	0.0088	0.003179664772	0.019424091364	0.0074	0.003008009987	6e-4	9.22452518e-4	0	0.024600145425	0.004966565004	5.97865638e-4	0.002718242455	5.13409971e-4	0.026804715973	0
C>G	A[C>G]A	0.001801068369	2.63481044e-4	0.024002615202	0.0097	0.011671021651	0.0013	0	0.008356844806	0.0048	5e-4	7e-4	0.0031	0.003775165298	1e-4	0.0011	0.0048	0.001661704195	0.00151688758	0.0058	6.9704107e-4	5e-4	5.2764404e-4	0	0.011993038821	0.008032567646	0.001272881297	0.001324163246	2.55194996e-4	0.009301971097	0
C>G	A[C>G]C	0.00258090852	2.69866049e-4	0.012160303668	0.0054	0.007292088583	0.0012	0	0.004306380304	0.0023	3e-4	3e-4	0.0015	9.20824828e-4	0	1e-4	0.0024	0.001626898399	0.002498784527	0.0019	0.002059310006	8e-4	0	0	0.008425119792	0.001635970413	0.001528194862	0.001771084129	2.68898964e-4	0.003479048871	0
C>G	A[C>G]G	5.92548022e-4	2.19233911e-4	0.005275419458	0.0031	0.002303839151	0	0	5.84415303e-4	0	0	0	0	1.9890489e-5	0	6e-4	0	2.5801897e-5	0.002614508983	0	1.2734958e-5	0	0	0	0	0	3.07246308e-4	0	0	1.54433523e-4	0.00482
C>G	A[C>G]T	0.002963986287	6.10973492e-4	0.023277656342	0.0054	0.011696245747	0.0018	1e-4	0.008634906912	0.0038	2e-4	9e-4	0.0025	0.003860632488	1e-4	0.001	0.0073	0.001328507581	0.00398301117	0.0072	8.48587116e-4	0.0018	2.99454735e-4	0	0.003881383185	0.003428449701	0.002498251826	0.001322719819	3.07698016e-4	0.003976789927	0
C>T	A[C>T]A	0.029514532745	0.007441556817	0.017872170732	0.012	0.021839187574	0.0312	0	0.018066687156	0.0093	0	0.0225	0.0121	0.001480180764	0.0293	0.0117	0.0135	0.009350488403	0.003825623912	0.0221	0.032858047272	0.0051	0.003113389695	0.019767154372	0.006315518136	0.020987618053	0.005907232039	0.013723285787	0.005433792471	0.005197221326	0.065119
C>T	A[C>T]C	0.014322747041	0.002726312428	0.008896034323	0.0075	0.012756105638	0.0163	0.0197	0.005650015029	0.0056	0.0032	0.1099	0.0054	4.0508707e-5	0.0321	0.0169	0.0076	0.004224289013	0.002465214261	0.0203	0.022196046913	0.0062	0.00152486029	0.081880579925	0.003844326917	0.013141283697	0.010626457816	0.005424306001	0.001815415488	0.00897646999	0.054397
C>T	A[C>T]G	0.171646931305	0.003322083281	0.00357270835	0.0028	0.016760177116	0.0908	1e-4	0.019265105465	0.0125	0.0126	0.0072	0.0019	3.16594671e-4	0.0496	0.0309	0.0035	0.009229213313	0.008463956886	0.0368	0.034572014703	0.0256	0.003625641201	0.009248715085	0.003110664425	0.019659894285	0.019930323239	0.006706429454	0.005432039331	0.03163899636	0.0204604
C>T	A[C>T]T	0.012623763151	0.003326528417	0.014797612209	0.0059	0.016477954692	0.0149	0.0043	0.020805967497	0.0076	0.0047	0.0639	0.0067	0	0.0277	0.0066	0.0101	0.005735961173	0.005605739927	0.0266	0.018819559611	0.003	0	0.033209652209	0.003420418673	0.005728519312	0.011334530552	0.004475614034	0.001629213189	0.004769666594	0.0219359
T>A	A[T>A]A	0.004021520333	1.32377e-7	0.008428563566	0.0048	0.008902904323	6e-4	0.001	0.013365082811	0.0121	0	2e-4	0.0058	0.001243618346	0	0.0021	0.0081	6.1300245e-4	0.003037210804	0.0011	5.74401358e-4	0.0083	0.049619229712	0	0.001166747126	0.020430527125	0.004459339879	0.143076389009	9.64030891e-4	0	0.0075743
T>A	A[T>A]C	0.002371144163	1.13069562e-4	0.00737309667	0.0039	0.007399202496	0.0033	8e-4	0.012431202077	0.0042	2e-4	1e-4	0.0065	0.001060001878	8e-4	0.009	0.0073	0.001878587472	8.11167214e-4	0.0053	0.001971462059	0.0292	0.011666740464	0	1.5173057e-5	0.008892560661	0.012822242916000001	0.001464085387	0.003365667809	0.003049595749	0.003738
T>A	A[T>A]G	0.002810909959	5.32929416e-4	0.00735730002	0.01	0.011508051457	0	9e-4	0.014036657067	0.0068	0	7e-4	0.0046	1.0255436e-4	0	9e-4	0.008	0.001087349685	0.004503207138	0.0045	1.90586616e-4	0.0027	0.067915454213	2.37418521e-4	0.006332455573	0.00624194848	0.001172344272	0.001226280897	0.00178575365	0.003909981984	0.0065906
T>A	A[T>A]T	0.008360909345	1.49110959e-4	0.008753938991	0.003	0.011193623195	0.0053	0.0035	0.024109916596	0.0185	0.0012	3e-4	0.006	9.71812099e-4	9e-4	0.0079	0.0084	0.002045493651	0.002736523185	0.0033	0.007421103528	0.0043	0.01459991758	0	4.967216e-6	0.014850877622	0.003993137549	0.002535197951	0.0056530891	0.005105527437	0.0093447
T>C	A[T>C]A	0.01391577303	0.001303509558	0.013035709432	0.0084	0.035366735114	0.0075	5e-4	0.016206510101	0.0252	0.0031	6e-4	0.0466	5.49454166e-4	0.0026	0.0115	0.0717	0.002697314025	0.002933053644	0.0145	0.016395062964	0.0265	0.016839930949	0.00106844882	0.004726009142	0.020663282773	0.055028652133	0.005047301081	0.004092746888	0.010119181163	0
T>C	A[T>C]C	0.0062749606	4.25576677e-4	0.00918628969	0.002	0.013771102129	0.0056	1e-4	0.00778780282	0.0105	0.0052	0.0015	0.0317	1.45506661e-4	0.0046	0.0073	0.0171	0.008078150072	0.001513284763	0.0048	0.019251793639	0.0165	0.001108262382	2.21573159e-4	6.27949341e-4	0.009502478424	0.027594604208	0.001845691228	0.007880729211	0.006349682655	0.0087547
T>C	A[T>C]G	0.010137636154	5.75473007e-4	0.011716920077	0.0081	0.028449051657	0.0217	7e-4	0.009852583553	0.0176	0.0026	8e-4	0.0487	2.79178024e-4	0.0035	0.0073	0.0348	0.004432870698	0.003329668955	0.0135	0.054784918009	0.0224	0.004913616405	4.98801514e-4	0.002723758627	0.019911492456	0.05179104405	0.005688813879	0.005520833604	0.014659610308	0.0090498
T>C	A[T>C]T	0.009256316389	0.001488164093	0.016978870798	0.0036	0.027302974158	0.0023	0.0011	0.021829463826	0.0247	0.004	3e-4	0.025	2.67461432e-4	0.0025	0.0063	0.0497	0.003140370209	0.005491317771	0.016	0.007341269916	0.0189	0.002630523933	3.13240541e-4	0.00712236847	0.014488390255	0.039072244419	0.002592754577	0.003232484	0.007892413403	0
T>G	A[T>G]A	0.001587636423	3.3718411e-5	0.002351368076	0	0.003462151975	0	0	0.004219719284	0.0335	0	0	0.0012	3.8619979e-4	0	0	0.0052	5.3139249e-5	3.86138197e-4	0.0014	1.765291e-6	0	0.001651998615	0	0	0.005281679682	8.0653426e-5	0.001136337392	0.006364675555	0	0.0053118
T>G	A[T>G]C	0.001784091288	2.4844826e-5	0.001464231129	2e-4	0.002246592659	0.0017	0	7.93671329e-4	0.0051	0.004	0	0.001	1.12383214e-4	0.002	6e-4	0.0042	0.006468661271	0.00125498208	0	3.81387913e-4	0.0031	0	0	0.001463950688	0	1.6317121e-4	9.5897638e-4	0.016610905647	0	0.0024592
T>G	A[T>G]G	0.001385830552	2.73454078e-4	0.009053777642	0.0015	0.005490216837	7e-4	9e-4	0.006865800374	0.0052	0.0015	1e-4	0.0018	3.6000696e-5	7e-4	0.0012	0.0061	0.003481549012	0.002369216073	0.001	6.58758087e-4	0.0016	0.001086872758	0	8.4761253e-4	0.007136421644	0.001255079507	6.766061e-5	0.006592842245	0.002925171448	0.0062955
T>G	A[T>G]T	0.003158539312	2.17694872e-4	0.007030976419	2e-4	0.003821226712	0.0029	0	0.002939922259	0.0193	0.0137	0	0.003	1.92493754e-4	0.0056	0.0029	0.0076	0.030926375169	3.38602881e-4	0.0017	5.32125222e-4	0.0018	0	0	0.001075455294	0	0.001850383492	2.56027748e-4	0.086392897435	0	0.0095416
C>A	C[C>A]A	0.006595870109	6.77444988e-4	0.018781725573	0.0461	0.00967490433	0.0101	0.0012	0.03172375659	0.0098	0.0031	7e-4	0.0135	0.001710089561	0.0056	0.0106	0.0159	0.001032430218	0.088768108819	0.0112	0.017377110647	0.002	0.004549692944	1.64739382e-4	0.063559283793	0.014832947875	0.003705850083	0.005065073268	0.001168515637	0.051410211701	0
C>A	C[C>A]C	0.007342367815	2.13681013e-4	0.015760457842	0.0614	0.004952300642	0.0241	6e-4	0.025505407135	0.0057	9e-4	0.0017	0.0112	0.001159256581	0.0102	0.0084	0.01	4.21880127e-4	0.020641390557	0.0159	0.036502462984	0.0014	0.003764473854	7.36874802e-4	0.033757004716	0.007822175302	0.003980723373	0.002234153344	3.34291811e-4	0.025825650831	0
C>A	C[C>A]G	8.9284037e-4	6.77046e-6	0.001963389846	0.0088	0.002800627307	0.0091	0	0.001159624303	0	7e-4	0.001	0.0028	2.44166533e-4	9e-4	0.0015	0.0022	2.97462769e-4	0.01717840248	0.0018	0.012482587542	0.0027	9.00163331e-4	1.63953661e-4	0.022428985806	0.001276976732	8.1174197e-4	2.66312161e-4	5.3651998e-5	0.014496183324	0.0022624
C>A	C[C>A]T	0.007186581642	4.16332906e-4	0.014722861126	0.0432	0.011013465824	0.0571	0.0013	0.028791172971	0.0091	0.016	0.0014	0.0071	0.001256768244	0.1257	0.0228	0.0084	3.1479429e-5	0.037676958929	0.0096	0.103401226249	0.0056	0.004439846231	7.22731835e-4	0.020086515438	0.012563654719	0.019038431345	0.003100570009	1.86671902e-4	0.040355074099	0
C>G	C[C>G]A	0.001284983446	2.7772077e-5	0.016832571989	0.0105	0.007537523174	0	1e-4	0.006619077216	0.0018	0	0	0.0019	0.005333651375	0	9e-4	0.004	0.001924978751	4.58463822e-4	2e-4	1.331626e-5	1e-4	5.82017663e-4	1.99049174e-4	0.013476821609	0.00720079041	0.001279106069	0.004730649426	1.03366092e-4	0.002618863169	0
C>G	C[C>G]C	7.02134818e-4	2.79643862e-4	0.013531441527	0.0097	0.007633226665	0	4e-4	0.006077702895	0.002	0	2e-4	0.0019	9.12303471e-4	0	3e-4	0.005	7.09367774e-4	0.00365422833	0.0028	5.48144708e-4	0	8.25299647e-4	2.83776026e-4	0.016105687737	0.004598473117	0.001214977303	0.001261644842	1.44310792e-4	0.00111151227	0
C>G	C[C>G]G	5.06289594e-4	1.9161576e-5	0.004176457524	0.0063	0.002613760399	0	6e-4	6.56033433e-4	0	0	8e-4	0	2.85467331e-4	0	4e-4	0.0028	3.517869e-6	0.005405774245	2e-4	0	0	3.82114636e-4	0	7.97471998e-4	8.23709283e-4	2.07832588e-4	3.60856587e-4	0	0.00152004695	0.0032461
C>G	C[C>G]T	0.001381542722	3.12781573e-4	0.024046390424	0.0094	0.009417097876	2e-4	3e-4	0.007805026957	0.0039	0	2e-4	0.0019	0.006383097568	0	0.0017	0.008	9.53776334e-4	0.00551960482	8e-4	1.20730556e-4	3e-4	0.001760645911	1.95775338e-4	0.010388665882000001	1.96360325e-4	0.002297026211	2.6802623e-4	2.90999509e-4	1.39750691e-4	0
C>T	C[C>T]A	0.020896446965	0.015019506931	0.014395059491	0.021	0.022769209355	0.0085	0.0754	0.004865810021	0.0098	0.0012	0.031	0.0187	0.003647278451	0.006	0.0051	0.021	0.021265205902	0.009767511475	0.0438	0.011145185306	0.0034	0.007731349522	0.060572627805	0.006035447394	0.014333994691	0.006594444885	0.017438484778	0.004391532554	0.009126471767	0.0694472
C>T	C[C>T]C	0.01850170477	0.003516918098	0.008544781192	0.0144	0.017509476305	0.0099	0.1007	0.003980150431	0.0069	0.0024	0.1518	0.0094	0.001004229295	0.0167	0.0088	0.0098	0.003847235312	0.005654828462	0.0753	0.018152746866000002	0.0091	0.007110850526	0.186375634076	0	0.005936643659	0.006510631971	0.007144870207	0.002647660966	0.007067603037	0.0638403
C>T	C[C>T]G	0.095577217268	0.004979275715	0.00351846584	0.0076	0.012862237589	0.0901	0.0208	0.008338639182	0.0076	0.0109	0.0135	0.0046	1.29202148e-4	0.0293	0.0155	0.0016	0.013176112314	0.016183222964	0.0238	0.044384942487	0.0318	0.005502030965	0.015149082593	0.002924419074	0.011559391627	0.011904935324	0.007503561655	0.002284563551	0.019875180409	0.0173126
C>T	C[C>T]T	0.017113307642	0.008956552775	0.016075545712	0.0201	0.020429513385	0.0087	0.0788	0.018843627434	0.0097	0.0043	0.0816	0.0205	6.1176997e-4	0.0186	0.0096	0.0211	0.009648025316	0.005153318613	0.1159	0.013847136214	0.004	0.004169777241	0.156015396977	0.003971201575	0.013632596885	0.006238556327	0.007148027702	0.002423984267	0.001634058687	0.0342318
T>A	C[T>A]A	0.001182587416	1.54598981e-4	0.00757132026	0.0075	0.005043163511	1e-4	0	0.012024217522	0.0055	0	4e-4	0.0017	2.85158991e-4	0	0.0016	0.0054	3.0079241e-5	4.12346353e-4	0.0043	4.5042364e-5	0	0.086898545516	5.94528453e-4	0.002766634838	0.026296323089000002	0.003561422681	0.330601017471	0.002566579967	0.001765447503	0.0053118
T>A	C[T>A]C	0.001903166857	4.64019028e-4	0.012725463528	0.0111	0.006208843676	0.0026	0.0014	0.017881092423	0.0049	1e-4	0.0011	0.0086	2.22287328e-4	0.0034	0.0043	0.0128	0.010223747696	0.00249141131	0.0053	0.004389055645	0.0037	0.053706846809	0	0.002694462454	0.015799883085	0.003901610981	0.002813598808	0.019610897429	3.83359117e-4	0.0067873
T>A	C[T>A]G	0.00148796063	2.30409809e-4	0.011508561865	0.0342	0.01050756897	8e-4	7e-4	0.016356774533	0.0051	3e-4	6e-4	0.0031	2.86951828e-4	2e-4	0.0027	0.013	0.004467036232	0.005523045713	0.0021	0.001127835842	0.0025	0.213220866558	1.731204e-4	0.006911164721	0.062860606381	0.00239030418	0.004396857083	0.008833600032	0.003556845215	0.0082628
T>A	C[T>A]T	0.002179344412	5.74885587e-4	0.016456177696	0.0115	0.009784640746	0.0011	0.0018	0.026247801917	0.0069	9e-4	4e-4	0.0054	8.00446e-7	0.002	7e-4	0.0096	0.031244883388	0.003313713273	0.0022	0.002385541321	0.001	0.061827507476	4.57813099e-4	0.002915200165	0.036622351112	0.001635922667	0.005430891633	0.01094260982	0.002232755492	0
T>C	C[T>C]A	0.004176674882	5.46619204e-4	0.007895012611	0.0052	0.014238629786	0.0062	0.001	0.005173842417	0.0154	5e-4	1e-4	0.0312	4.2751466e-5	6e-4	0.0032	0.0146	0.007426999646	1.9216932e-4	0.0066	0.014867696528	0.0219	0.004027346334	0	0.001848876535	0.009028014894	0.037889377691	0.004899079238	0.020738003352	0	0
T>C	C[T>C]C	0.005252593331	3.92332573e-4	0.014431170362	0.0026	0.01248950044	0.004	8e-4	0.010936893768	0.0118	0.0019	4e-4	0.0385	4.3307542e-5	0.0053	0.005	0.0194	0.039657001207	0.003050192581	0.007	0.018356161025	0.01	0.001352443929	0	0.004453689857	0.01077163242	0.021740734953	0.005724448467	0.043283797246	0.002774953681	0
T>C	C[T>C]G	0.00701322531	3.62024508e-4	0.008422972144	0.01	0.018741631229	0.027	0.001	0.005657773602	0.0154	0.0015	1e-4	0.0415	5.4272534e-5	0.0016	0.0128	0.019	0.028609696263	0.002596464193	0.004	0.074150562563	0.0211	0.002749666137	3.20704886e-4	0	0.01335066131	0.047240103343	0.005661478992	0.037088261728	0.006902414709	0
T>C	C[T>C]T	0.006713813119	5.60900126e-4	0.011932430465	0.0054	0.019054082944	0.0033	0.0045	0.011120389322	0.0275	0.002	9e-4	0.0324	7.63944e-7	0.0027	0.0035	0.0263	0.101869657701	0.001310028744	0.0053	0.011001118253	0.0204	0.002363353537	0	0.001597389007	0.008961029966	0.020740621431	0.003900589062	0.005052716018	0.003041424895	0
T>G	C[T>G]A	3.02691186e-4	1.13784603e-4	0.001974181146	0	0.0020416489410000002	1e-4	0	0.002424050552	0.0216	0.0022	0	0.0013	1.5094208e-5	0	0	2e-4	9.1469787e-5	6.1002548e-5	0	2.3264084e-5	0	0.001120356515	0	0	0	9.539626e-5	0	0.009589841941	0.001116854814	0.0046233
T>G	C[T>G]C	0.00209850244	2.2095087e-5	0.005824295545	0.0013	0.003478502118	0.004	8e-4	0.002096210616	0.0064	0.0018	1e-4	0.0049	1.4762484e-4	0.002	0.0019	0.0082	0.019814293551	0.002015696913	0.0011	0.008476494525	5e-4	0.001064583571	1.90144342e-4	0.002185437348	0.002886454337	0.0039194551	3.81244984e-4	0.033913223722	0	0.0060004
T>G	C[T>G]G	0.0015995485	2.28245948e-4	0.010464654525	0.0046	0.007147456226	0.005	9e-4	0.006604046294	0.0126	0.0037	0.0011	0.0045	4.59873e-5	5e-4	7e-4	0.0067	0.013449837633	0.005311967254	0.0013	0.015383776115	4e-4	0.004188568126	0	1.13909674e-4	0.011769492499	0.005497357314	4.03257236e-4	0.018516481606	0.002169693346	0.0073775
T>G	C[T>G]T	0.002758537619	6.711134e-5	0.008724387302	0.0012	0.011486811509	0.0086	0.0013	0.004866713859	0.0509	0.0182	9e-4	0.0063	4.63714722e-4	0.0063	0.0045	0.0186	0.261456614079	0.002341629178	0.0019	0.002185394659	0.0032	0.001629409573	2.1083498e-4	0.002533718333	0.008550807482	0.006788718691	0.001439096069	0.118967102954	0.001143663251	0.0091481
C>A	G[C>A]A	0.008232603989	3.52013353e-4	0.009696539676	0.0376	0.011892168979	0.0024	3e-4	0.023682328869	0.0118	0.0014	4e-4	0.0062	1.32109643e-4	0.0018	0.0024	0.0096	0.006535404875	0.12872415808	0.0032	0.001116123789	1e-4	0.001298370161	3.49907495e-4	0.054676448679	0.013465295053	0.001375311846	0.010755871858	0.002136629077	0.078046610108	0.008853
C>A	G[C>A]C	0.00575802141	1.33816879e-4	0.010843341116	0.0399	0.009247857495	0.0058	1e-4	0.015821896445	0.0092	0.0022	0.001	0.0056	7.54244011e-4	0.0114	0.0099	0.0094	0.001293803953	0.016092878663	0.0031	0.003271428605	0.0038	0.001809622152	5.68337772e-4	0.109945988997	0.006468298058	0.001961639088	0.012442335117	4.29208379e-4	0.073460914669	0.0093449
C>A	G[C>A]G	6.16335232e-4	1.7844166e-4	9.29140538e-4	0.0227	0.002809188466	0.0021	0	8.50913754e-4	0	2e-4	0	0.0015	9.6820775e-5	0.0011	0.0013	0.0036	0.001283663378	0.009271416762	0	0.003751612508	3e-4	3.33838055e-4	1.49417834e-4	0.04652486901	6.58103089e-4	1.3229664e-5	0.001629628347	0	0.017383296915	8.853e-4
C>A	G[C>A]T	0.004459080311	1.22832046e-4	0.012215382639	0.0258	0.010301267456	0.0087	1e-4	0.021061235802	0.0085	0.0088	6e-4	0.0027	5.51103672e-4	0.0736	0.0309	0.0063	0.003103766672	0.072017070126	0.0072	0.01293719445	0.0023	5.19148161e-4	0	0.050428709482	0.010473080347	0.001934996293	0.007412355152	0.001318507256	0.059602472118	0.0081645
C>G	G[C>G]A	6.02122711e-4	4.4838514e-5	0.011916844569	0.007	0.005559423089	0	0	0.003724567946	0.0011	0	0	0.0012	0.001349419584	2e-4	0.0022	0.0031	0.001296324191	9.23879703e-4	0.002	0.001339769321	4e-4	0	0	0.004945060708	0.004169655524	0.001320607475	0.001418166387	8.1591411e-5	2.65759858e-4	0.0073775
C>G	G[C>G]C	0.002393352209	1.4520103e-5	0.009823653397	0.0091	0.005388801221	0.003	4e-4	0.003046596953	0.0029	2e-4	2e-4	0.0011	7.88807743e-4	1e-4	5e-4	0.0032	2.60760911e-4	6.48647922e-4	0	0.001811151475	0.0042	0	1.37501074e-4	0.009369875774	0.002392804944	0.001845501071	0.001346716782	1.05219031e-4	9.45012884e-4	0.0065906
C>G	G[C>G]G	2.48534e-7	4.0665889e-5	0.00167105425	0.0062	0.001100589633	0	0	3.21212793e-4	0	0	0	0	8.1791214e-5	0	6e-4	0	4.377552e-6	5.42839968e-4	0	6.37538e-7	0	2.14695851e-4	0	0.00562572654	4.18193916e-4	2.05060777e-4	0	0	0	0.0015739
C>G	G[C>G]T	8.90080731e-4	2.68429459e-4	0.017914334306	0.006	0.006041247837	0.0017	0	0.005775663598	0.0044	4e-4	0	9e-4	0.002680123244	3e-4	0.0018	0.0029	0.001820392786	0.001376724888	0	0.001238264182	4e-4	5.38438803e-4	0	0.003055770064	0.001994012217	0.001225532856	0.004560685974	1.59679354e-4	0.004796744744	0
C>T	G[C>T]A	0.024943814154	0.006390807876	0.016127273332	0.0087	0.020038258645	0.0653	0	0.002261262686	0.0062	0	0.0261	0.0124	0.002934137577	0.0557	0.0476	0.0125	0.002068754725	0.002703068727	0.0374	0.056793947985	0.0163	0.001915370854	0.053282058965	0.023679051295	0.010038112013	0.009606515027	0.014215313743	0.003384240869	0.011638793032	0.0485934
C>T	G[C>T]C	0.027161494035	0.001995816784	0.008208632437	0.008	0.018022312238	0.0773	0.021	0.001616649187	0.0069	0.0134	0.0975	0.0092	0.002515171146	0.0618	0.1345	0.0092	3.25483399e-4	0.004199307536	0.0614	0.05442985727	0.0392	0.003229133547	0.162918343743	0.01591920184	0.006953875155	0.01950742672	0.020143646182	0.001687414029	0.003781751661	0.0494787
C>T	G[C>T]G	0.103570762296	3.03020977e-4	0.001212922866	0.0023	0.013193817648	0.1339	2e-4	0.0116067116	0.0088	0.027	0.009	0.0023	0.00320526455	0.0978	0.1829	9e-4	0.007511101358	0.011897360825	0.0278	0.004592688609	0.0019	0.003300598879	0.013046494744	0.012648077606	0.010468363027	0.022502717383	0.009368468496	0.00218930896	0.019684388045	0.0157387
C>T	G[C>T]T	0.017689854381	0.003265818188	0.010611649208	0.0082	0.019502915335	0.0524	0.0161	0.006284928996	0.0101	0.0152	0.0522	0.0115	0.001687730545	0.0555	0.08	0.0116	9.25697167e-4	0.001913380905	0.0917	0.049580863753	0.0166	0.00111405957	0.107590399754	0.018129778378	0.009823820735	0.017307472184	0.00758962595	0.001043993631	0.005761336823	0.0188865
T>A	G[T>A]A	6.89289439e-4	1.1499421e-4	0.004434782559	0.0069	0.006740387717	0	0	0.008139178608	0.003	0	3e-4	0.0015	1.37960405e-4	0	0	0.003	8.545689e-6	0.001875434081	0.0026	1.63129836e-4	0	0.053709145693	0	0.002225127336	0.036217800837	0.002242886513	0.10985187198	5.51460783e-4	0.002930098053	0.003738
T>A	G[T>A]C	5.52409528e-4	2.9386206e-4	0.005615432411	0.0052	0.00402159648	0.0028	0	0.007910080318	0.0029	1e-4	3e-4	0.0039	2.52867405e-4	0.0025	0.0038	0.004	0.002573466959	0.001510309757	0	0.003799179503	0.0142	0.009489396694	1.83203812e-4	0.004853149157	0.005847109647	0.005207287095	2.3455678e-5	0.003163987597	0	0.0033445
T>A	G[T>A]G	0.001200228847	8.8721344e-5	0.008070136472	0.0133	0.006814352288	6e-4	6e-4	0.009057263056	0.0028	0	4e-4	0.0019	1.53517461e-4	0	0.0026	0.0051	0.003538822593	0.001505368776	0.0016	8.283337e-4	0.0031	0.050293902428	0	1.95758628e-4	0.038241179315	0.001358121778	0.001565937159	0.002152847013	5.33632401e-4	0.0050167
T>A	G[T>A]T	0.002107136837	2.15755466e-4	0.008679121744	0.0045	0.005101032909	0.0021	0.001	0.017812238647	0.0036	4e-4	1e-4	0.0031	1.22745552e-4	9e-4	0.0043	0.0033	0.003879009961	0.003611025202	0.0052	0.001900746587	0.0041	0.010601457233	0	0	0.020167954419	0.002513112942	0	0.002007733244	0	0.0063939
T>C	G[T>C]A	0.011247835116	4.673852e-6	0.006850055574	0.0061	0.016294982792	0.0122	2e-4	0.005720778549	0.0091	0.0064	0.001	0.0573	0.001054081222	0.0078	0.0195	0.0161	1.1401335e-5	5.29126468e-4	0.0039	0.002469317074	0.1426	0.004217454113	2.51168628e-4	0.00126974984	0.017489823879	0.098052824719	0.004777380354	0.003655048127	0.007090803763	0
T>C	G[T>C]C	0.006999724257	1.86065927e-4	0.006260749014	0.0016	0.009574560593	0.0059	1e-4	0.005181051502	0.0097	0.0101	0.0016	0.0274	5.29899747e-4	0.0127	0.0499	0.0099	0.009657713318	0.002279130829	0.003	0.001565632906	0.0665	0	5.38218489e-4	0.006710339996	0.004045612446	0.040226363963	0.00196495433	0.007071175327	0.007111327534	0.0065906
T>C	G[T>C]G	0.004977592617	4.95044e-7	0.006098762993	0.0042	0.014103929348	0.0115	3e-4	0.005040707471	0.0094	0.0054	0.0019	0.041	6.30095718e-4	0.0082	0.0154	0.0148	0.004654129131	0.005871056581	0.006	0.027341755021	0.0884	0.001474884534	0	2.77684976e-4	0.013402246274	0.044620700983	0.001229167749	0.00823223844	0.005643063554	0.0078694
T>C	G[T>C]T	0.010667406133	5.78598104e-4	0.007509343859	0.0024	0.015666874692	0.0042	0.0081	0.008488220258	0.0126	0.0124	0.0023	0.0405	6.76187888e-4	0.0086	0.0094	0.0142	0.008149234601	0.004771565739	0.0099	0.001498264796	0.1003	0.001561042738	9.95769681e-4	0.004238477669	0.014159693736	0.05552806828	0.003747225013	4.0788451e-4	0.011237674345	0.0084596
T>G	G[T>G]A	9.9045003e-5	9.5552392e-5	0.004144488018	0	0.001627664547	0	0	9.74578665e-4	0.0072	0	0	0	1.8489857e-5	0	0	0	3.9193821e-5	0.001341532464	0	3.579149e-6	0	0	0	0	0.005546226924	3.7393232e-5	0	0	0	0.0032461
T>G	G[T>G]C	2.02365646e-4	4.7002381e-5	0.004501985313	0	3.27734937e-4	0.0016	0	5.24821555e-4	6e-4	0.002	0	4e-4	9.3373513e-5	0.0019	0.0022	0.0032	0.009078461515	9.20431e-7	0	0.002830575073	6e-4	0	0	0.001073632302	0	0.002460704995	5.0790565e-5	0	0	0.001869
T>G	G[T>G]G	0.001188353185	1.09925703e-4	0.016391452608	0.0018	0.005948879802	0.001	0.0017	0.006087753467	0.005	9e-4	0.001	0.0011	1.0579194e-5	0.0012	0.0037	8e-4	0.004782775461	0.009694999981	0.0043	0.002733219405	4e-4	0.001877589181	1.87132414e-4	0.002924696996	0.008685244444	8.17201563e-4	0.00474291855	0.004217808299	0.003640593813	0.0033445
T>G	G[T>G]T	8.00723342e-4	8.647718e-5	0.007067236643	2e-4	0.003307466591	0.0035	9e-4	0.005427433785	0.0185	0.003	0	0.0032	5.3741207e-5	0.0038	0.019	0.0044	0.063497756582	0.002890553519	0.0025	0.003558558565	8e-4	0	0	8.25098263e-4	0.002768571683	0.007833561271	0.00229847603	0.031648997321	0.006181023776	0.0056069
C>A	T[C>A]A	0.012250063666	0.015127427519	0.011653224909	0.033	0.014774016248	0.0017	0.001	0.027032383039	0.0222	0.0374	9e-4	0.0066	0.048166047937	5e-4	0.0057	0.0122	0.001824558257	0.067080643529	0.0051	6.88299692e-4	1e-4	0.004051634552	0.002071289985	0.031451263182	0.006938146585	0.002680062424	0.007079284522	7.75902768e-4	0.026894406511	0
C>A	T[C>A]C	0.011162229329	0.006532492454	0.016606775011	0.0538	0.012043464964	0.0029	0.002	0.01808977329	0.0043	0.0103	0.0025	0.0099	0.017329557089	0.0166	0.0062	0.0145	0.001286518338	0.041869009693	0.0063	0.00405822906	5e-4	0.002739770937	6.96410201e-4	0.062538293699	0.0102466074	0.002031643866	0.006268800628	8.29292467e-4	0.031608136996	0
C>A	T[C>A]G	0.002275495686	0.001656455398	0.001357239439	0.0104	0.003902362388	0.0011	2e-4	0.001694875197	0	0.0031	1e-4	0.0019	0.002293157306	0	0.0025	0.004	0.002172941968	0.01516237929	0.0018	0.001001102231	0	5.1315107e-4	9.9393633e-5	0.012802590728	0	2.650717e-4	0.001446403415	0	0.012500468152	0.0016722
C>A	T[C>A]T	0.015259102491	0.012394610714	0.016328075975	0.037	0.018243395705	0.0058	0.0013	0.038141330868	0.0322	0.3083	4e-4	0.0049	0.018634581512	0.0516	0.0145	0.0157	0.005012316394	0.117877846666	0.0087	0.012229104507	4e-4	0.003605650899	2.07430191e-4	0.030297679613	0.024625787226	0.003017187457	0.00980627775	0.001998073667	0.04120717639	0
C>G	T[C>G]A	0.001874853199	0.037241853149	0.016041405438	0.0032	0.002681056961	0	2e-4	0.004117878837	0.0033	0	1e-4	0.0024	0.280234946548	0	9e-4	0.005	3.92684657e-4	0.001802969051	5e-4	2.4298469e-5	2e-4	2.25490615e-4	2.30608944e-4	0.010220857436	0.009798724567	0.004201896751	0.002870433721	5.21370368e-4	8.20444889e-4	0
C>G	T[C>G]C	0.002067418791	1.9413411e-5	0.020149920428	0.0105	0.007924048307	2e-4	0.001	0.003799649592	0.0025	0	0.0011	0.0027	0.063885286587	0	0.0026	0.0064	6.55602418e-4	0.007863006794	0.0011	1.5199855e-4	3e-4	6.2869502e-4	1.65787009e-4	0.007578365252	0.00326650715	0.002807761534	0.003107967569	6.6732589e-4	4.44119287e-4	0
C>G	T[C>G]G	3.04897004e-4	0.0016254654570000001	0.002527910936	0.0031	0.001319075649	0	3e-4	2.5653018e-5	0	0	3e-4	0	0.009528486008	0	0	0	1.3641541e-5	0.001513223334	0	0	0	3.95807994e-4	0	0.001592714217	0.002057436753	6.197e-9	1.2810409e-5	0	1.43297155e-4	0.0019673
C>G	T[C>G]T	0.00315157446	0.066879899684	0.032673640762	0.005	0.006644595708	1e-4	7e-4	0.006247553738	0.0049	1e-4	8e-4	0.0015	0.330225481745	1e-4	0.0015	0.0169	0.002852380395	0.003567102065	0.0105	6.83059976e-4	3e-4	2.57375147e-4	4.38955809e-4	0.00610072719	0.01640091685	0.008019382986	0.002130587503	0.001245779535	0.001369869047	0
C>T	T[C>T]A	0.014492099634	0.419941399594	0.008880209061	0.0035	0.010997560324	0.0074	0.1202	0.00718066854	0.005	0.0037	0.0302	0.0138	0.113842093163	0.0092	0.0112	0.0172	0.016100784572	0.014923391701	0.0218	0.01071032207	0.0064	0.002016721688	0.014558613696	0.026571894346	0.0110775208	0.011303288768	0.018757776459	0.007622257672	0.012076583098	0.0849892
C>T	T[C>T]C	0.017680775357	0.081972496144	0.013529572798	0.007	0.020644964803	0.0067	0.2887	0.004061032938	0.0084	0.0211	0.1589	0.0095	0.015024839001	0.0283	0.0156	0.0131	0.016779984064	0.00996274431	0.033	0.00817550977	0.0086	0.001990834246	0.043510446939	0.012055691082000001	0.00644878754	0.010807526975	0.007989184406	0.005116619241	0	0.090301
C>T	T[C>T]G	0.076002221712	0.047720186368	0.001705408858	0.0011	0.007534489574	0.0391	0.0992	0.00553512152	0.0047	0.2141	0.008	0.001	0.006102097956	0.0094	0.0104	0.0036	0.016272095596	0.011549715126	0.009	0.023163899202	0.0126	0.001498473091	0.002752640544	0.00536335968	0.014083416181	0.010364329328	0.004609130971	0.00191802811	0.015830196802	0.0151485
C>T	T[C>T]T	0.013761704021	0.228674918306	0.010304416928	0.0077	0.011787461775	0.0047	0.0844	0.012209070496999999	0.0096	0.0392	0.0954	0.009	0.028140661233	0.0229	0.0076	0.0193	0.01982741755	0.005398013994	0.0267	0.009540087238	0.0064	0.001182226502	0.024328785234	0.00553249918	0.012418585885	0.00724914536	0.011880932482	0.006193158626	0.0134621373	0.045544
T>A	T[T>A]A	0.005600155423	8.0752486e-5	0.007132681354	0.0045	0.009205637343	2e-4	0.001	0.015139996236	0.0215	0	3e-4	0.0057	4.03261316e-4	0	8e-4	0.0085	6.98812311e-4	0.004663278043	0.0039	9.24547968e-4	0.0027	0.040810502825	0	0	0.021830329049	6.28145256e-4	0.052813887494	2.03237563e-4	0.001191207434	0.0076726
T>A	T[T>A]C	0.00199907926	4.802898e-6	0.009102797827	0.0046	0.006835344247	8e-4	0.0015	0.012093554606	0.0027	8e-4	0	0.0132	7.71813274e-4	0.0016	0.0019	0.0087	0.002579358604	0.002578155543	0.0048	7.08206814e-4	0.0045	0.025570395801	0	0.007994129155	0.003405686728	0.005073753861	4.7091785e-5	0.010180964868	0.001682664015	0.0064922
T>A	T[T>A]G	0.001090065693	6.6605043e-5	0.006565863041	0.0082	0.007144208769	0	0.001	0.00836254659	0.014	0	0	0.0037	2.45194218e-4	0	6e-4	0.0063	2.1133639e-5	0.002016738361	0.0052	9.7003127e-5	0	0.069845218085	2.31525618e-4	0.011202143591	0.010191520401	2.0138391e-5	0	0.003250427227	0.002438756	0.0036396
T>A	T[T>A]T	0.003981022761	2.76315891e-4	0.014712135403	0.0045	0.010240850413	7e-4	0.005	0.027653296254	0.0139	0.0028	8e-4	0.0094	1.60345975e-4	0.0012	3e-4	0.008	0.003883130589	0.002818679447	0.0085	0.00231348906	8e-4	0.023579061797	0	2.70578768e-4	0.014527539313	0.00123553847	0.001929770813	0.016492812256	0	0
T>C	T[T>C]A	0.008073616351	1.01932352e-4	0.009115495077	0.0028	0.017059640976	0.0059	0.0023	0.004901072379	0.0156	0.003	2e-4	0.05	7.84056118e-4	0.0018	0.0068	0.0246	0.001708586711	3.02303565e-4	0.0052	0.005734229562	0.0389	0.00480366974	0	0.001682291048	0.01451505009	0.028789680542	0.001721015277	0.009929552068	0.011498665964	0
T>C	T[T>C]C	0.004857381178	4.70343659e-4	0.010953790932	0.0016	0.014195709147	0.0035	0.0018	0.006081011299	0.0137	0.0097	9e-4	0.0342	1.32974888e-4	0.0056	0.0099	0.0183	0.011074152072	0.006260791115	0.002	0.011234254668	0.0313	9.12157512e-4	2.30608944e-4	0.002344527656	0.007406083457	0.036639492442	0.003489212553	0.029010563206	0.003584215038	0.0091481
T>C	T[T>C]G	0.008325454207	1.92354203e-4	0.006113033219	0.0036	0.012596501722	0.0106	0.0019	0.001712484699	0.0098	0.0065	7e-4	0.032	3.7402404e-5	0.0034	0.0039	0.0165	0.005932002763	0.001541265329	0.0057	0.023767611345	0.0249	0.00178173568	2.39513775e-4	4.81274164e-4	0.004892531217	0.01914369428	0.001152846581	0.015683218557	0.00169429667	0.0060004
T>C	T[T>C]T	0.006257105605	5.85330275e-4	0.010774336259	0.0022	0.017375139145	0.0029	0.0024	0.01000344183	0.0309	0.0099	5e-4	0.0371	1.79702846e-4	0.0026	0.0047	0.0174	0.007208218396	0.001357797089	0.0038	0.005395186301	0.0274	0	0	3.58148002e-4	0.017014780759	0.023071688831	0.001527957003	0.017291563618	0.003799705772	0
T>G	T[T>G]A	0.001397553749	7.173695e-5	0.005427184241	0	0.00520287442	9e-4	0	0.001743221362	0.0502	0.005	0	0.0019	5.46581847e-4	0	0	0.0068	1.33410642e-4	3.6318404e-5	0.0032	2.69147e-7	0	0.001651698761	0	0	0.002081479927	8.534935e-6	0.001189022454	0.009389658706	0	0.0086563
T>G	T[T>G]C	0.001291736985	1.4281456e-5	0.006160250423	3e-4	0.005131607914	0.0019	0.001	0.002549838329	0.0081	0.0092	0	0.0027	2.35347085e-4	0.0015	4e-4	0.0069	0.009613345245	0.00323383799	0.0018	3.77234437e-4	0.0018	0	0	0	5.78978775e-4	0.002718509845	2.80295354e-4	0.030117076984	0	0.0043282
T>G	T[T>G]G	0.00203107688	2.06615168e-4	0.011076526261	0.003	0.0060552541	0.0011	0.001	0.006030395185	0.0088	0.0022	3e-4	0.0011	4.79022e-7	2e-4	9e-4	0.0049	0.004522462318	7.54601773e-4	0.0011	5.15421599e-4	3e-4	0.002572751958	2.47501933e-4	0.00136050485	0.009429195885	0.001369161173	0.002353055589	0.012698750811	3.53695951e-4	0.0082628
T>G	T[T>G]T	0.00403012816	2.3598204e-5	0.013000984209	0.0011	0.013369935834	0.0072	0.0014	0.007223998893	0.0545	0.0633	3e-4	0.0032	6.70588327e-4	0.0025	0.0033	0.0163	0.05804040776	0.002126441532	0.0013	6.15656691e-4	3e-4	0	0	6.9515778e-5	0.007869671577	0.002568076726	1.39561285e-4	0.233659783276	0.006104834136	0
